   h    k    l      d(Å)      F(real)      F(imag)          |F|         2θ          I    M ID(λ) Phase
   1    0    0   3.902311   -16.032122    -0.016797      16.0321   12.15881  100.00000    6     1     1
   0    0    2   3.673000    21.935672     0.023963      21.9357   12.92103   55.16457    2     1     1
   1    0    1   3.446241   -10.031657    -0.011015      10.0317   13.77522   60.78395   12     1     1
   1    0    2   2.674597    -9.058518    -0.011981      9.05853   17.77799   29.43370   12     1     1
   1    1    0   2.253000    22.125187     0.033594      22.1252   21.13988   61.40336    6     1     1
   1    0    3   2.074139   -15.982999    -0.026729       15.983   22.98667   53.83197   12     1     1
   2    0    0   1.951155    -8.850815    -0.016796      8.85083   24.45727    7.24890    6     1     1
   1    1    2   1.920490    12.940065     0.023962      12.9401   24.85398   29.95909   12     1     1
   2    0    1   1.885771     6.587011     0.011015      6.58702   25.31909    7.46605   12     1     1
   0    0    4   1.836500     1.852644     0.000592      1.85264   26.01011    0.09300    2     1     1
   2    0    2   1.723120    -5.127761    -0.011980      5.12777   27.75470    3.72567   12     1     1
   1    0    4   1.661680    -0.643115    -0.000296     0.643115   28.80267    0.05416   12     1     1
   2    0    3   1.525958    11.837392     0.026729      11.8374   31.42774   15.21882   12     1     1
   2    1    0   1.474935    -7.647595    -0.016797      7.64761   32.54459    5.89072   12     1     1
   2    1    1   1.446075    -4.856959    -0.011015      4.85697   33.21271    4.54729   24     1     1
   1    1    4   1.423496     0.406962     0.000591     0.406963   33.75518    0.01541   12     1     1
   1    0    5   1.374978   -11.201076    -0.027117      11.2011   34.98398   10.79912   12     1     1
   2    1    2   1.368704    -4.802155    -0.011981      4.80217   35.14954    3.92908   24     1     1
   2    0    4   1.337299     0.171619    -0.000295     0.171619   36.00292    0.00238   12     1     1
   3    0    0   1.300770    12.495288     0.033593      12.4953   37.05017    5.92492    6     1     1
   3    0    1   1.280845    -0.123137    -0.000000     0.123137   37.64802    0.00111   12     1     1
   2    1    3   1.263439    -9.390184    -0.026728      9.39022   38.18663   12.52145   24     1     1
   3    0    2   1.226150     7.890681     0.023961      7.89072   39.39514    4.12603   12     1     1
   0    0    6   1.224333    -7.659859    -0.023118      7.65989   39.45603    0.64581    2     1     1
   2    0    5   1.173674     9.133301     0.027116      9.13334   41.23476    4.99375   12     1     1
   1    0    6   1.168187     3.683953     0.011559      3.68397   41.43732    0.80361   12     1     1
   2    1    4   1.149977    -0.209123    -0.000296     0.209123   42.12445    0.00499   24     1     1
   3    0    3   1.148747    -0.266315    -0.000001     0.266315   42.17170    0.00404   12     1     1
   2    2    0   1.126500    10.839592     0.033593      10.8396   43.04558    3.19424    6     1     1
   3    1    0   1.082306    -4.858937    -0.016796      4.85897   44.89686    1.16759   12     1     1
   2    2    2   1.076986     7.066466     0.023961      7.06651   45.13085    2.44071   12     1     1
   1    1    6   1.075754    -6.923841    -0.023119      6.92388   45.18538    2.33680   12     1     1
   3    1    1   1.070747     3.467627     0.011015      3.46764   45.40843    1.15929   24     1     1
   3    0    4   1.061483     0.033641     0.000591    0.0336461   45.82718    0.00005   12     1     1
   2    1    5   1.040903    -7.733762    -0.027116      7.73381   46.78658    5.38926   24     1     1
   3    1    2   1.038173    -3.132921    -0.011980      3.13294   46.91695    0.87884   24     1     1
   2    0    6   1.037070     3.443257     0.011560      3.44328   46.96987    0.52943   12     1     1
   1    0    7   1.013423    -3.680883    -0.011956       3.6809   48.13426    0.57232   12     1     1
   3    1    3   0.989921     7.344775     0.026729      7.34482   49.35226    4.30584   24     1     1
   4    0    0   0.975578    -4.776531    -0.016797      4.77656   50.12751    0.43940    6     1     1
   3    0    5   0.973913    -0.254069    -0.000001     0.254069   50.21914    0.00248   12     1     1
   4    0    1   0.967087    -3.033729    -0.011015      3.03375   50.59848    0.34704   12     1     1
   2    2    4   0.960245     0.149101     0.000591     0.149102   50.98472    0.00082   12     1     1
   4    0    2   0.942885    -3.217514    -0.011981      3.21754   51.99281    0.36692   12     1     1
   2    1    6   0.942058     2.984370     0.011559      2.98439   52.04186    0.62999   24     1     1
   3    1    4   0.932430     0.084015    -0.000295    0.0840156   52.62024    0.00049   24     1     1
   2    0    7   0.924227     3.187578     0.011956       3.1876   53.12365    0.34290   12     1     1
   0    0    8   0.918250    -8.635475    -0.033573      8.63554   53.49687    0.41280    2     1     1
   4    0    3   0.906297    -6.597582    -0.026728      6.59764   54.25990    1.39989   12     1     1
   3    2    0   0.895251    -4.341673    -0.016797      4.34171   54.98548    0.58819   12     1     1
   1    0    8   0.893837     4.208145     0.016786      4.20818   55.07985    0.55042   12     1     1
   3    0    6   0.891532    -5.781317    -0.023119      5.78136   55.23438    1.03229   12     1     1
   3    2    1   0.888676    -2.822174    -0.011015       2.8222   55.42714    0.48810   24     1     1
   3    1    5   0.871391     6.599787     0.027116      6.59984   56.62453    2.54299   24     1     1
   3    2    2   0.869788    -2.956808    -0.011981      2.95683   56.73836    0.50811   24     1     1
   4    0    4   0.861560    -0.151728    -0.000296     0.151729   57.33012    0.00065   12     1     1
   2    1    7   0.855077    -2.779981    -0.011955      2.78001   57.80565    0.43062   24     1     1
   4    1    0   0.851554     8.062813     0.033594      8.06288   58.06755    1.79275   12     1     1
   1    1    8   0.850337    -8.047301    -0.033573      8.04737   58.15862    1.77956   12     1     1
   4    1    1   0.845890    -0.009373    -0.000000   0.00937271   58.49393    0.00000   24     1     1
   3    2    3   0.840818    -6.275980    -0.026729      6.27604   58.88134    2.10537   24     1     1
   2    0    8   0.830840     3.956607     0.016786      3.95664   59.65955    0.40624   12     1     1
   4    1    2   0.829551     5.490829     0.023962      5.49088   59.76165    1.55876   24     1     1
   2    2    6   0.828988    -5.354445    -0.023119      5.35449   59.80640    0.73990   12     1     1
   3    0    7   0.816760    -0.178617    -0.000001     0.178617   60.79551    0.00079   12     1     1
   4    0    5   0.812721    -6.067028    -0.027116      6.06709   61.12986    0.90466   12     1     1
   3    1    6   0.810893     2.690312     0.011560      2.69034   61.28252    0.35380   24     1     1
   3    2    4   0.804728    -0.129464    -0.000296     0.129464   61.80326    0.00080   24     1     1
   4    1    3   0.804306    -0.022849    -0.000000    0.0228487   61.83923    0.00003   24     1     1
   1    0    9   0.798933     2.217166     0.010061      2.21719   62.30138    0.11584   12     1     1
   5    0    0   0.780462    -3.725636    -0.016797      3.72567   63.94782    0.15446    6     1     1
   2    1    8   0.779525     3.716639     0.016786      3.71668   64.03387    0.61305   24     1     1
   5    0    1   0.776094     2.454845     0.011015      2.45487   64.35085    0.13230   12     1     1
   4    1    4   0.772545     0.136660     0.000591     0.136661   64.68238    0.00081   24     1     1
   3    2    5   0.764502    -5.903939    -0.027117        5.904   65.44738    1.47562   24     1     1
   5    0    2   0.763418    -2.562805    -0.011981      2.56283   65.55191    0.13855   12     1     1
   4    0    6   0.762979     2.458983     0.011559      2.45901   65.59438    0.12737   12     1     1
   3    1    7   0.753413     2.600219     0.011956      2.60025   66.53440    0.27634   24     1     1
   2    0    9   0.752991    -2.177170    -0.010061      2.17719   66.57655    0.09674   12     1     1
   3    3    0   0.751000     7.388366     0.033595      7.38844   66.77614    0.55351    6     1     1
   3    0    8   0.750165    -7.225099    -0.033573      7.22518   66.86027    1.05581   12     1     1
   5    0    3   0.743605     5.608166     0.026728      5.60823   67.52889    0.62294   12     1     1
   4    2    0   0.737467    -3.614647    -0.016797      3.61469   68.16764    0.25375   12     1     1
   4    1    5   0.736747    -0.025906    -0.000000    0.0259057   68.24343    0.00003   24     1     1
   3    3    2   0.735778     5.133607     0.023963      5.13366   68.34581    0.50906   12     1     1
   0    0   10   0.734600    -5.179138    -0.024775       5.1792   68.47056    0.08603    2     1     1
   4    2    1   0.733779     2.365638     0.011015      2.36566   68.55783    0.21482   24     1     1
   4    2    2   0.723037    -2.511122    -0.011981      2.51115   69.72225    0.23384   24     1     1
   3    2    6   0.722664     2.363903     0.011559      2.36393   69.76347    0.20698   24     1     1
   1    0   10   0.721920     2.553099     0.012388      2.55313   69.84587    0.12043   12     1     1
   5    0    4   0.718291    -0.063237    -0.000296    0.0632373   70.25065    0.00007   12     1     1
   4    0    7   0.714521    -2.395486    -0.011955      2.39552   70.67652    0.10353   12     1     1
   2    1    9   0.714161     2.179817     0.010062      2.17984   70.71749    0.17125   24     1     1
   2    2    8   0.711748    -6.927633    -0.033573      6.92771   70.99337    0.85817   12     1     1
   4    2    3   0.706138     5.460039     0.026729       5.4601   71.64400    1.04715   24     1     1
   5    1    0   0.700876    -3.372548    -0.016796      3.37259   72.26621    0.19642   12     1     1
   3    1    8   0.700196     3.435220     0.016787      3.43526   72.34738    0.40669   24     1     1
   4    1    6   0.699087    -4.667378    -0.023119      4.66744   72.48042    0.74810   24     1     1
   1    1   10   0.698413    -4.970962    -0.024775      4.97102   72.56150    0.42338   12     1     1
   5    1    1   0.697707    -2.264323    -0.011015      2.26435   72.64659    0.17530   24     1     1
   3    3    4   0.695125     0.222045     0.000592     0.222046   72.95988    0.00084   12     1     1
   3    0    9   0.691380    -0.106491    -0.000001     0.106491   73.41955    0.00019   12     1     1
   5    0    5   0.689248     5.397430     0.027116       5.3975   73.68403    0.48478   12     1     1
   5    1    2   0.688454    -2.334019    -0.011980      2.33405   73.78312    0.18085   24     1     1
   2    0   10   0.687489     2.447471     0.012387       2.4475   73.90388    0.09912   12     1     1
   4    2    4   0.684352    -0.094334    -0.000296    0.0943345   74.29950    0.00029   24     1     1
   3    2    7   0.681089    -2.426151    -0.011956      2.42618   74.71599    0.19091   24     1     1
   5    1    3   0.673817    -5.262420    -0.026729      5.26249   75.66310    0.87797   24     1     1
   4    0    8   0.668649     3.305669     0.016786      3.30571   76.35249    0.17047   12     1     1
   4    1    7   0.661244    -0.021552    -0.000000    0.0215518   77.36502    0.00001   24     1     1
   4    2    5   0.659096     5.310341     0.027117      5.31041   77.66443    0.85448   24     1     1
   1    0   11   0.658249     5.036711     0.026307      5.03678   77.78314    0.38336   12     1     1
   5    0    6   0.658119     2.241307     0.011559      2.24134   77.80134    0.07588   12     1     1
   2    1   10   0.657557     2.391874     0.012388      2.39191   77.88044    0.17255   24     1     1
   5    1    4   0.654811    -0.028459    -0.000295    0.0284605   78.26932    0.00002   24     1     1
   3    1    9   0.651677    -1.965854    -0.010061      1.96588   78.71837    0.11453   24     1     1
   6    0    0   0.650385     6.464231     0.033593      6.46432   78.90521    0.30840    6     1     1
   6    0    1   0.647851     0.013793     0.000000    0.0137933   79.27458    0.00000   12     1     1
   4    3    0   0.641536    -3.266807    -0.016797      3.26685   80.21216    0.15352   12     1     1
   3    2    8   0.641015     3.215819     0.016786      3.21586   80.29062    0.29708   24     1     1
   6    0    2   0.640423     4.508750     0.023961      4.50881   80.38006    0.29150   12     1     1
   3    3    6   0.640163    -4.357458    -0.023118      4.35752   80.41927    0.27207   12     1     1
   3    0   10   0.639646    -4.687363    -0.024775      4.68743   80.49769    0.31436   12     1     1
   4    3    1   0.639103    -2.137651    -0.011015      2.13768   80.58001    0.13056   24     1     1
   5    1    5   0.632583    -5.143661    -0.027116      5.14373   81.58513    0.74225   24     1     1
   4    3    2   0.631969    -2.292549    -0.011981      2.29258   81.68128    0.14720   24     1     1
   2    0   11   0.631834    -4.946162    -0.026308      4.94623   81.70237    0.34246   12     1     1
   4    2    6   0.631719     2.168301     0.011559      2.16833   81.72035    0.13159   24     1     1
   6    0    3   0.628590     0.035542     0.000001    0.0355416   82.21473    0.00002   12     1     1
   5    0    7   0.626258     2.237646     0.011955      2.23768   82.58765    0.06904   12     1     1
   4    0    9   0.626015     1.977965     0.010062      1.97799   82.62664    0.05391   12     1     1
   5    2    0   0.624870     6.363509     0.033594       6.3636   82.81142    0.55630   12     1     1
   4    1    8   0.624388    -6.336801    -0.033573      6.33689   82.88936    1.10188   24     1     1
   5    2    1   0.622621     0.002402     0.000000   0.00240157   83.17684    0.00000   24     1     1
   4    3    3   0.620590    -5.021508    -0.026729      5.02158   83.51008    0.68511   24     1     1
   5    2    2   0.616019     4.460891     0.023962      4.46096   84.27150    0.53444   24     1     1
   2    2   10   0.615327    -4.587000    -0.024775      4.58707   84.38807    0.28206   12     1     1
   6    0    4   0.613075     0.088052     0.000591     0.088054   84.77026    0.00010   12     1     1
   0    0   12   0.612167    -0.389701    -0.001773     0.389705   84.92555    0.00034    2     1     1
   2    1   11   0.608364     4.885943     0.026308      4.88601   85.58282    0.62937   24     1     1
   5    1    6   0.608261     2.150513     0.011560      2.15054   85.60067    0.12190   24     1     1
   3    1   10   0.607817     2.268444     0.012387      2.26848   85.67822    0.13549   24     1     1
   4    3    4   0.605646    -0.082624    -0.000296    0.0826248   86.05970    0.00018   24     1     1
   5    2    3   0.605466     0.006237     0.000000   0.00623689   86.09148    0.00000   24     1     1
   1    0   12   0.604770     0.187631     0.000887     0.187633   86.21471    0.00046   12     1     1
   4    2    7   0.603381     2.250276     0.011956      2.25031   86.46192    0.13199   24     1     1
   3    2    9   0.603164     1.855740     0.010061      1.85577   86.50065    0.08972   24     1     1
   6    1    0   0.595097    -3.105376    -0.016797      3.10542   87.97097    0.12348   12     1     1
   6    0    5   0.594718     0.044373     0.000001    0.0443729   88.04139    0.00003   12     1     1
   5    0    8   0.594681     3.076254     0.016786       3.0763   88.04835    0.12107   12     1     1
   3    0   11   0.594096    -0.057237    -0.000001    0.0572368   88.15745    0.00004   12     1     1
   6    1    1   0.593154     2.020343     0.011015      2.02037   88.33385    0.10412   24     1     1
   5    2    4   0.591565     0.124163     0.000591     0.124165   88.63324    0.00039   24     1     1
   1    1   12   0.590748    -0.342189    -0.001773     0.342194   88.78794    0.00149   12     1     1
   4    1    9   0.589251    -0.014985    -0.000000    0.0149845   89.07335    0.00001   24     1     1
   4    3    5   0.587930    -4.954510    -0.027117      4.95458   89.32704    0.62001   24     1     1
   6    1    2   0.587437    -2.185421    -0.011981      2.18545   89.42216    0.12053   24     1     1
   4    0   10   0.586837     2.237875     0.012388      2.23791   89.53816    0.06312   12     1     1
   2    0   12   0.584093     0.151997     0.000886     0.151999   90.07331    0.00029   12     1     1
   5    1    7   0.582841    -2.177078    -0.011956      2.17711   90.32001    0.11866   24     1     1
   3    3    8   0.581334    -6.060032    -0.033573      6.06012   90.61930    0.45857   12     1     1
   6    1    3   0.578265     4.772228     0.026728       4.7723   91.23574    0.56605   24     1     1
   5    2    5   0.575022     0.007895     0.000000   0.00789545   91.89796    0.00000   24     1     1
   4    2    8   0.574988     3.012438     0.016786      3.01248   91.90493    0.22449   24     1     1
   6    0    6   0.574373    -4.145001    -0.023119      4.14507   92.03183    0.21233   12     1     1
   3    1   11   0.568334    -4.662211    -0.026308      4.66229   93.30072    0.53325   24     1     1
   4    3    6   0.568251     2.040126     0.011559      2.04016   93.31854    0.10210   24     1     1
   3    2   10   0.567889     2.196886     0.012388      2.19692   93.39601    0.11834   24     1     1
   6    1    4   0.566117    -0.070788    -0.000296    0.0707888   93.77724    0.00012   24     1     1
   2    1   12   0.565402     0.169885     0.000886     0.169887   93.93225    0.00071   24     1     1
   5    0    9   0.564089    -1.821443    -0.010062      1.82147   94.21834    0.04052   12     1     1
   4    4    0   0.563250     5.988080     0.033594      5.98817   94.40214    0.21879    6     1     1
   1    0   13   0.559244     4.829514     0.027470      4.82959   95.29234    0.28373   12     1     1
   7    0    0   0.557473    -2.916288    -0.016796      2.91634   95.69245    0.05167    6     1     1
   5    3    0   0.557473    -2.953757    -0.016797       2.9538   95.69245    0.10601   12     1     1
   5    1    8   0.557131     2.965567     0.016786      2.96561   95.77017    0.21366   24     1     1
   4    4    2   0.556742     4.218406     0.023962      4.21847   95.85879    0.21611   12     1     1
   5    2    6   0.556572    -4.052787    -0.023119      4.05285   95.89766    0.39891   24     1     1
   4    1   10   0.556231    -4.335760    -0.024775      4.33583   95.97541    0.45648   24     1     1
   7    0    1   0.555875    -1.951163    -0.011015      1.95119   96.05706    0.04621   12     1     1
   5    3    1   0.555875     1.953442     0.011015      1.95347   96.05706    0.09264   24     1     1
   3    0   12   0.553893    -0.309970    -0.001772     0.309975   96.51375    0.00117   12     1     1
   6    0    7   0.552826     0.041542     0.000001    0.0415422   96.76212    0.00002   12     1     1
   6    1    5   0.551568     4.717007     0.027116      4.71709   97.05658    0.53917   24     1     1
   7    0    2   0.551161    -2.043416    -0.011980      2.04345   97.15243    0.05058   12     1     1
   5    3    2   0.551161    -2.077152    -0.011981      2.07719   97.15243    0.10454   24     1     1
   4    0   11   0.551072     4.620684     0.026309      4.62076   97.17347    0.25865   12     1     1
   4    3    7   0.547360    -2.127191    -0.011956      2.12722   98.05825    0.10955   24     1     1
   4    2    9   0.547198    -1.742253    -0.010061      1.74228   98.09730    0.07349   24     1     1
   7    0    3   0.543564    -4.630085    -0.026729      4.63016   98.98411    0.25954   12     1     1
   5    3    3   0.543564     4.636126     0.026729       4.6362   98.98411    0.52044   24     1     1
   2    0   13   0.542773    -4.763984    -0.027470      4.76406   99.17989    0.27481   12     1     1
   6    2    0   0.541153    -2.915142    -0.016797      2.91519   99.58357    0.10294   12     1     1
   6    2    1   0.539691    -1.914718    -0.011015      1.91475   99.95160    0.08886   24     1     1
   4    4    4   0.538493     0.120126     0.000591     0.120127  100.25559    0.00017   12     1     1
   2    2   12   0.537877    -0.313792    -0.001772     0.313797  100.41281    0.00119   12     1     1
   5    2    7   0.536899     0.007514     0.000000   0.00751446  100.66374    0.00000   24     1     1
   6    2    2   0.535374    -2.054140    -0.011981      2.05417  101.05825    0.10250   24     1     1
   3    2   11   0.535292     4.501955     0.026307      4.50203  101.07952    0.49238   24     1     1
   6    1    6   0.535222     1.977062     0.011559       1.9771  101.09765    0.09496   24     1     1
   5    0   10   0.534919     2.121778     0.012387      2.12181  101.17646    0.05470   12     1     1
   7    0    4   0.533438    -0.020720    -0.000295    0.0207224  101.56456    0.00001   12     1     1
   5    3    4   0.533438    -0.045028    -0.000295    0.0450288  101.56456    0.00005   24     1     1
   3    1   12   0.532839     0.140920     0.000886     0.140923  101.72247    0.00048   24     1     1
   5    1    9   0.531740     1.733089     0.010061      1.73312  102.01407    0.07318   24     1     1
   6    0    8   0.530742    -5.765106    -0.033573       5.7652  102.28066    0.40525   12     1     1
   6    2    3   0.528403    -4.549689    -0.026728      4.54977  102.91221    0.50606   24     1     1
   2    1   13   0.527676     4.711700     0.027471      4.71178  103.11063    0.54321   24     1     1
   4    3    8   0.525900     2.862520     0.016786      2.86257  103.59946    0.20096   24     1     1
   4    1   11   0.525495    -0.009201    -0.000000   0.00920134  103.71167    0.00000   24     1     1
   3    3   10   0.525143    -4.209228    -0.024775       4.2093  103.80960    0.21749   12     1     1
   0    0   14   0.524714     3.750800     0.022246      3.75087  103.92908    0.02880    2     1     1
   7    0    5   0.521213    -4.594811    -0.027116      4.59489  104.91845    0.26078   12     1     1
   5    3    5   0.521213     4.602735     0.027117      4.60281  104.91845    0.52335   24     1     1
   4    2   10   0.520451     2.092824     0.012388      2.09286  105.13704    0.10835   24     1     1
   1    0   14   0.520034    -1.870444    -0.011123      1.87048  105.25724    0.04331   12     1     1
   6    2    4   0.519087    -0.051415    -0.000296     0.051416  105.53157    0.00007   24     1     1
   4    0   12   0.518535     0.162601     0.000887     0.162604  105.69216    0.00033   12     1     1
   3    0   13   0.518284    -0.028002    -0.000001    0.0280024  105.76527    0.00001   12     1     1
   6    1    7   0.517658     2.000981     0.011955      2.00102  105.94857    0.09958   24     1     1
   7    1    0   0.516874     5.669194     0.033593      5.66929  106.17953    0.40032   12     1     1
   5    2    8   0.516601    -5.671441    -0.033573      5.67154  106.26007    0.80174   24     1     1
   7    1    1   0.515599     0.001910     0.000000   0.00190997  106.55755    0.00000   24     1     1
   7    1    2   0.511831     3.997817     0.023961      3.99789  107.69614    0.40289   24     1     1
   4    4    6   0.511698    -3.864027    -0.023118       3.8641  107.73673    0.18825   12     1     1
   1    1   14   0.511038     3.726924     0.022247      3.72699  107.93982    0.17544   12     1     1
   6    0    9   0.508653     0.032438     0.000001    0.0324385  108.68192    0.00001   12     1     1
   6    2    5   0.507802    -4.516430    -0.027116      4.51651  108.94989    0.52001   24     1     1
   5    0   11   0.507414    -4.393590    -0.026308      4.39367  109.07258    0.24634   12     1     1
   7    0    6   0.507355     1.943552     0.011560      1.94359  109.09141    0.04821   12     1     1
   5    3    6   0.507355     1.930491     0.011560      1.93053  109.09141    0.09514   24     1     1
   5    1   10   0.507097     2.056581     0.012387      2.05662  109.17326    0.10805   24     1     1
   2    0   14   0.506711    -1.870213    -0.011124      1.87025  109.29611    0.04473   12     1     1
   7    1    3   0.505730     0.005117     0.000000   0.00511671  109.61024    0.00000   24     1     1
   3    2   12   0.505324     0.158991     0.000886     0.158994  109.74082    0.00065   24     1     1
   4    3    9   0.504386     1.657254     0.010060      1.65728  110.04429    0.07078   24     1     1
   3    1   13   0.500914    -4.553419    -0.027470       4.5535  111.18783    0.54093   24     1     1
   5    4    0   0.499640    -2.791970    -0.016797      2.79202  111.61561    0.10218   12     1     1
   6    1    8   0.499393     2.778767     0.016786      2.77882  111.69881    0.20263   24     1     1
   5    4    1   0.498488    -1.826953    -0.011015      1.82699  112.00627    0.08790   24     1     1
   7    1    4   0.497544     0.093618     0.000591    0.0936198  112.32943    0.00023   24     1     1
   4    1   12   0.497058    -0.299917    -0.001772     0.299922  112.49673    0.00238   24     1     1
   5    2    9   0.496165     0.005954     0.000000   0.00595373  112.80595    0.00000   24     1     1
   5    4    2   0.495080    -1.972967    -0.011981        1.973  113.18483    0.10401   24     1     1
   4    2   11   0.495015    -4.301517    -0.026307       4.3016  113.20755    0.49452   24     1     1
   6    2    6   0.494960     1.899163     0.011559       1.8992  113.22690    0.09642   24     1     1
   2    1   14   0.494363    -1.823982    -0.011123      1.82402  113.43745    0.08918   24     1     1
   7    0    7   0.492320    -1.967569    -0.011956      1.96761  114.16519    0.05238   12     1     1
   5    3    7   0.492320     1.975417     0.011956      1.97545  114.16519    0.10560   24     1     1
   6    3    0   0.491645     5.500061     0.033593      5.50016  114.40869    0.41066   12     1     1
   6    3    1   0.490548    -0.004708    -0.000000   0.00470816  114.80762    0.00000   24     1     1
   5    4    3   0.489552    -4.354966    -0.026728      4.35505  115.17280    0.52037   24     1     1
   4    0   13   0.488974     4.508243     0.027471      4.50833  115.38660    0.27967   12     1     1
   8    0    0   0.487789    -2.756282    -0.016797      2.75633  115.82826    0.05260    6     1     1
   7    1    5   0.487580     0.006828     0.000000   0.00682791  115.90646    0.00000   24     1     1
   6    3    2   0.487299     3.881801     0.023961      3.88187  116.01226    0.41844   24     1     1
   6    0   10   0.486956    -4.021243    -0.024775      4.02132  116.14140    0.22495   12     1     1
   8    0    1   0.486717     1.802976     0.011015      1.80301  116.23189    0.04528   12     1     1
   3    0   14   0.486615     3.637145     0.022248      3.63721  116.27069    0.18438   12     1     1
   1    0   15   0.485922     2.089224     0.012881      2.08926  116.53402    0.06107   12     1     1
   8    0    2   0.483543    -1.949499    -0.011981      1.94954  117.45139    0.05393   12     1     1
   5    1   11   0.483483     4.255145     0.026308      4.25523  117.47491    0.51402   24     1     1
   4    3   10   0.483209     2.005611     0.012388      2.00565  117.58218    0.11438   24     1     1
   5    4    4   0.482116    -0.054426    -0.000296    0.0544267  118.01230    0.00008   24     1     1
   6    3    3   0.482025    -0.012678    -0.000001     0.012678  118.04822    0.00000   24     1     1
   5    0   12   0.481674     0.146711     0.000886     0.146713  118.18763    0.00031   12     1     1
   6    2    7   0.480971    -1.929433    -0.011955      1.92947  118.46789    0.10736   24     1     1
   6    1    9   0.480861    -1.656179    -0.010062      1.65621  118.51188    0.07916   24     1     1
   4    4    8   0.480122    -5.429891    -0.033573      5.42999  118.80889    0.42752   12     1     1
   8    0    3   0.478389     4.301786     0.026728      4.30187  119.51470    0.27150   12     1     1
   3    2   13   0.477849     4.422309     0.027470      4.42239  119.73711    0.57601   24     1     1
   7    2    0   0.476743    -2.687925    -0.016796      2.68798  120.19684    0.10724   12     1     1
   7    0    8   0.476529     2.707884     0.016787      2.70794  120.28636    0.10901   12     1     1
   5    3    8   0.476529     2.704481     0.016786      2.70453  120.28636    0.21747   24     1     1
   7    1    6   0.476179    -3.715142    -0.023119      3.71521  120.43334    0.41142   24     1     1
   5    2   10   0.475966    -3.971008    -0.024775      3.97108  120.52307    0.47077   24     1     1
   7    2    1   0.475742     1.777734     0.011015      1.77777  120.61738    0.09451   24     1     1
   2    2   14   0.475647     3.577801     0.022247      3.57787  120.65782    0.19153   12     1     1
   2    0   15   0.475000    -2.066415    -0.012881      2.06646  120.93240    0.06420   12     1     1
   6    3    4   0.474921     0.087332     0.000591    0.0873341  120.96577    0.00023   24     1     1
   3    3   12   0.474499    -0.306825    -0.001773      0.30683  121.14631    0.00142   12     1     1
   5    4    5   0.473034    -4.329832    -0.027116      4.32992  121.77824    0.57235   24     1     1
   7    2    2   0.472777    -1.895891    -0.011980      1.89593  121.89020    0.10996   24     1     1
   3    1   14   0.472152    -1.795206    -0.011124      1.79524  122.16384    0.09909   24     1     1
   8    0    4   0.471443    -0.056308    -0.000296    0.0563092  122.47682    0.00005   12     1     1
   4    2   12   0.471029     0.150198     0.000886       0.1502  122.66034    0.00070   24     1     1
   4    1   13   0.470841    -0.004921    -0.000000   0.00492067  122.74397    0.00000   24     1     1
   7    2    3   0.467956     4.244370     0.026729      4.24445  124.05194    0.57406   24     1     1
   6    3    5   0.466233    -0.017055    -0.000001    0.0170552  124.85474    0.00001   24     1     1
   6    2    8   0.466215     2.666701     0.016786      2.66675  124.86322    0.23026   24     1     1
   6    0   11   0.465933     0.021732     0.000001     0.021732  124.99622    0.00001   12     1     1
   2    1   15   0.464782     2.047752     0.012881      2.04779  125.54370    0.13765   24     1     1
   7    1    7   0.463683     0.006885     0.000000   0.00688498  126.07390    0.00000   24     1     1
   8    0    5   0.462941     4.280503     0.027116      4.28059  126.43641    0.30631   12     1     1
   4    3   11   0.462647     4.126921     0.026307        4.127  126.58072    0.57116   24     1     1
   5    4    6   0.462602     1.819803     0.011559      1.81984  126.60288    0.11111   24     1     1
   6    1   10   0.462406     1.951746     0.012388      1.95179  126.69927    0.12806   24     1     1
   4    0   14   0.462114    -1.747583    -0.011123      1.74762  126.84408    0.05149   12     1     1
   7    2    4   0.461448    -0.035295    -0.000295    0.0352958  127.17530    0.00004   24     1     1
   5    1   12   0.461061     0.136773     0.000886     0.136776  127.36965    0.00064   24     1     1
   5    3    9   0.460348    -1.583974    -0.010061      1.58401  127.72959    0.08621   24     1     1
   7    0    9   0.460348     1.590399     0.010061      1.59043  127.72959    0.04346   12     1     1
   0    0   16   0.459125     5.241892     0.033509        5.242  128.35508    0.07976    2     1     1
   3    0   15   0.458326    -0.011210    -0.000001    0.0112102  128.76947    0.00000   12     1     1
   5    0   13   0.457703    -4.317328    -0.027471      4.31742  129.09556    0.32996   12     1     1
