   h    k    l      d(Å)      F(real)      F(imag)          |F|         2θ          I    M ID(λ) Phase
   1    1    1   3.666751    26.868363   -26.801176      37.9501   12.94315  100.00000    8     1     1
   2    2    0   2.245418    42.054725     0.067186      42.0548   21.21209   66.93701   12     1     1
   3    1    1   1.914898    18.571774    18.638961       26.312   24.92771   37.40675   24     1     1
   2    2    2   1.833376     0.000000     0.000000  6.58501e-15   26.05521    0.00000    8     1     1
   4    0    0   1.587750    31.280217     0.067186      31.2803   30.17492    8.81088    6     1     1
   3    3    1   1.457019    14.338807   -14.271621      20.2307   32.95609   12.19021   24     1     1
   4    2    2   1.296392    25.163833     0.067186      25.1639   37.17986   14.49188   24     1     1
   3    3    3   1.222250    11.737676    11.804862      16.6472   39.52606    1.84651    8     1     1
   5    1    1   1.222250    11.804862   -11.737676      16.6472   39.52606    5.53953   24     1     1
   4    4    0   1.122709    21.377487     0.067186      21.3776   43.19823    3.74538   12     1     1
   5    3    1   1.073515    10.130116    10.197302      14.3737   45.28485    6.09013   48     1     1
   4    4    2   1.058500     0.000000     0.000000  1.50611e-14   45.96373    0.00000   24     1     1
   6    2    0   1.004181    18.888280     0.067186      18.8884   48.60570    4.47920   24     1     1
   5    3    3   0.968518     9.120030    -9.052844      12.8502   50.51842    1.89888   24     1     1
   6    2    2   0.957449    -0.000000    -0.000000  1.04877e-14   51.14431    0.00000   24     1     1
   4    4    4   0.916688    17.170794     0.067186      17.1709   53.59531    0.98777    8     1     1
   7    1    1   0.889318     8.297472     8.364659       11.782   55.38373    1.29481   24     1     1
   5    5    1   0.889318     8.364659    -8.297472       11.782   55.38373    1.29481   24     1     1
   6    4    2   0.848688    15.936186     0.067186      15.9363   58.28245    4.22106   48     1     1
   5    5    3   0.826830     7.746913     7.814099      11.0034   59.97850    0.94339   24     1     1
   7    3    1   0.826830     7.814099    -7.746913      11.0034   59.97850    1.88677   48     1     1
   8    0    0   0.793875    15.016821     0.067186       15.017   62.74319    0.39747    6     1     1
   7    3    3   0.775898     7.331979     7.399165      10.4166   64.36908    0.72339   24     1     1
   6    4    4   0.770172     0.000000    -0.000000  5.04916e-16   64.90608    0.00000   24     1     1
   6    6    0   0.748473    14.310777     0.067186      14.3109   67.03137    0.62596   12     1     1
   8    2    2   0.748473    14.310777     0.067186      14.3109   67.03137    1.25192   24     1     1
   7    5    1   0.733350     7.009904     7.077090      9.96112   68.60350    1.15577   48     1     1
   5    5    5   0.733350     7.077090    -7.009904      9.96112   68.60350    0.19263    8     1     1
   6    6    2   0.728510     0.000000     0.000000  2.46915e-14   69.12374    0.00000   24     1     1
   8    4    0   0.710063    13.753378     0.067186      13.7535   71.18736    1.02228   24     1     1
   7    5    3   0.697113     6.820332    -6.753146      9.59802   72.71845    0.95526   48     1     1
   9    1    1   0.697113     6.820332    -6.753146      9.59802   72.71845    0.47763   24     1     1
   8    4    2   0.692951     0.000000    -0.000000    2.086e-16   73.22594    0.00000   48     1     1
   6    6    4   0.677019    13.301991     0.067186      13.3022   75.24289    0.86089   24     1     1
   9    3    1   0.665766     6.543313     6.610500      9.30127   76.74326    0.81294   48     1     1
   8    4    4   0.648196    12.927592     0.067186      12.9278   79.22402    0.74479   24     1     1
   9    3    3   0.638299     6.434940    -6.367754        9.053   80.70241    0.35496   24     1     1
   7    7    1   0.638299     6.434940    -6.367754        9.053   80.70241    0.35496   24     1     1
   7    5    5   0.638299     6.367754     6.434940        9.053   80.70241    0.35496   24     1     1
   8    6    2   0.622767    12.609905     0.067186      12.6101   83.15309    1.32027   48     1     1
  10    2    0   0.622767    12.609905     0.067186      12.6101   83.15309    0.66013   24     1     1
   7    7    3   0.613974     6.217559     6.284745      8.84059   84.61718    0.31730   24     1     1
   9    5    1   0.613974     6.284745    -6.217559      8.84059   84.61718    0.63460   48     1     1
   6    6    6   0.611125     0.000000    -0.000000   9.7318e-15   85.10439    0.00000    8     1     1
  10    2    2   0.611125     0.000000     0.000000  2.19659e-14   85.10439    0.00000   24     1     1
   9    5    3   0.592234     6.086342     6.153528      8.65503   88.50686    0.57961   48     1     1
   8    6    4   0.589676     0.000000     0.000000  1.21548e-14   88.99222    0.00000   48     1     1
  10    4    2   0.579764    12.090893     0.067186      12.0911   90.93328    1.10667   48     1     1
  11    1    1   0.572650     5.969469     6.036655      8.48974   92.38966    0.27005   24     1     1
   7    7    5   0.572650     6.036655    -5.969469      8.48974   92.38966    0.27005   24     1     1
   8    8    0   0.561354    11.871502     0.067186      11.8717   94.82086    0.26089   12     1     1
   9    5    5   0.554889     5.930730    -5.863544      8.33995   96.28349    0.25642   24     1     1
   9    7    1   0.554889     5.863544     5.930730      8.33995   96.28349    0.51284   48     1     1
  11    3    1   0.554889     5.930730    -5.863544      8.33995   96.28349    0.51284   48     1     1
   8    8    2   0.552784     0.000000     0.000000  1.17325e-14   96.77190    0.00000   24     1     1
  10    4    4   0.552784     0.000000     0.000000  1.17325e-14   96.77190    0.00000   24     1     1
  10    6    0   0.544594    11.670702     0.067186      11.6709   98.73086    0.50104   24     1     1
   8    6    6   0.544594    11.670702     0.067186      11.6709   98.73086    0.50104   24     1     1
   9    7    3   0.538685     5.833248    -5.766062      8.20209  100.20674    0.49568   48     1     1
  11    3    3   0.538685     5.766062     5.833248      8.20209  100.20674    0.24784   24     1     1
  10    6    2   0.536757     0.000000    -0.000000  9.03938e-15  100.70017    0.00000   48     1     1
   8    8    4   0.529250    11.484341     0.067186      11.4845  102.68236    0.48943   24     1     1
  12    0    0   0.529250    11.484341     0.067186      11.4845  102.68236    0.12236    6     1     1
   7    7    7   0.523822     5.675168     5.742354      8.07355  104.17906    0.08120    8     1     1
  11    5    1   0.523822     5.675168     5.742354      8.07355  104.17906    0.48721   48     1     1
  12    2    2   0.515134    11.309335     0.067186      11.3095  106.69628    0.48595   24     1     1
  10    6    4   0.515134    11.309335     0.067186      11.3095  106.69628    0.97191   48     1     1
  11    5    3   0.510125     5.656666    -5.589479      7.95237  108.22236    0.48663   48     1     1
   9    7    5   0.510125     5.589479     5.656666      7.95237  108.22236    0.48663   48     1     1
  12    4    0   0.502091    11.143384     0.067186      11.1436  110.79656    0.49010   24     1     1
   9    9    1   0.497449     5.575153    -5.507967      7.83709  112.36206    0.24681   24     1     1
   8    8    6   0.495930     0.000000     0.000000  7.49278e-15  112.88776    0.00000   24     1     1
  12    4    2   0.495930     0.000000     0.000000  1.10174e-14  112.88776    0.00000   48     1     1
  10    8    2   0.489990    10.984769     0.067186       10.985  115.01171    1.00379   48     1     1
  11    5    5   0.485673     5.429859     5.497046      7.72663  116.62894    0.25419   24     1     1
  11    7    1   0.485673     5.497046    -5.429859      7.72663  116.62894    0.50838   48     1     1
   9    9    3   0.485673     5.429859     5.497046      7.72663  116.62894    0.25419   24     1     1
  13    1    1   0.485673     5.497046    -5.429859      7.72663  116.62894    0.25419   24     1     1
  10    6    6   0.484259    -0.000000     0.000000  2.67245e-14  117.17306    0.00000   24     1     1
  12    4    4   0.478725    10.832200     0.067186      10.8324  119.37713    0.52191   24     1     1
  13    3    1   0.474696     5.354577     5.421763      7.62017  121.06186    0.53178   48     1     1
  11    7    3   0.474696     5.354577     5.421763      7.62017  121.06186    0.53178   48     1     1
   9    7    7   0.474696     5.421763    -5.354577      7.62017  121.06186    0.26589   24     1     1
  10    8    4   0.473376    -0.000000     0.000000  7.25299e-15  121.63003    0.00000   48     1     1
  12    6    2   0.468202    10.684708     0.067186      10.6849  123.93890    1.10304   48     1     1
   9    9    5   0.464431     5.348869    -5.281683      7.51709  125.71231    0.28279   24     1     1
  13    3    3   0.464431     5.348869    -5.281683      7.51709  125.71231    0.28279   24     1     1
   8    8    8   0.458344    10.541561     0.067186      10.5418  128.76011    0.19778    8     1     1
